0.190381
0.125912
0.077028
0.10947
0.031661
0.113867
0.102809
0.113856
0.101142
0.061922
0.136432
0.104543
0.113958
0.115202
0.126521
0.080237
0.104231
0.121197
0.116442
0.083698
0.066988
0.149419
0.153834
0.052225
0.09968
0.102949
0.114879
0.116779
0.108985
0.116624
0.093865
0.125272
0.090572
0.112384
0.121035
0.088271
0.103132
0.113879
0.111674
0.107229
0.058365
0.121095
0.103469
0.052821
0.168161
0.111992
0.118066
0.114874
0.118097
0.112273
0.110447
0.116285
0.119441
0.115186
0.104018
0.106917
0.111291
0.128446
0.117845
0.123301
0.116544
0.110181
0.123959
0.121272
0.135704
0.113931
0.11469
0.049471
0.175108
0.117551
0.118192
0.111368
0.113623
0.116247
0.130319
0.121698
0.122593
0.128354
0.132988
0.121764
0.091848
0.113897
0.106916
0.083621
0.129396
0.107715
0.116083
0.130429
0.118512
0.081323
0.122827
0.045439
0.175229
0.113689
0.08997
0.111449
0.124132
0.128089
0.109619
0.120929
0.08052
0.112297
0.105784
0.120709
0.121981
0.115862
0.1148
0.121978
0.074684
0.112147
0.113763
0.081625
0.127633
0.108782
0.083282
0.065752
0.11324
0.107733
0.111385
0.11434
0.126664
0.085553
0.117155
0.124543
0.080256
0.099921
0.115293
0.082466
0.126417
0.123251
0.087109
0.119819
0.116857
0.118968
0.118202
0.112758
0.112825
0.127942
0.105109
0.129805
0.117187
0.118322
0.1301
0.11581
0.120625
0.116406
0.118621
0.050801
0.106665
0.115186
0.10269
0.112185
0.130731
0.122275
0.111257
0.081946
0.120066
0.111946
0.121978
0.11689
0.086775
0.1119
0.141661
0.078412
0.115859
0.101299
0.104786
0.112175
0.122254
0.096979
0.109748
0.116632
0.122683
0.116207
0.123861
0.117049
0.115053
0.121198
0.117395
0.113051
0.121709
0.10996
0.117423
0.120004
0.125822
0.122796
0.124935
0.095277
0.11935
0.084767
0.123177
0.080196
0.114656
0.085394
0.116159
0.126339
0.103286
0.112405
0.09109
0.116073
0.111191
0.127469
0.121196
0.118744
0.079582
0.081156
0.116623
0.123085
0.1122
0.111015
0.087154
0.122154
0.116252
0.119822
0.117222
0.121073
0.126116
0.111494
0.122443
0.120564
0.126985
0.093562
0.115285
0.128268
0.122869
0.121107
0.122596
0.114864
0.116279
0.121685
0.124847
0.12069
0.118161
0.089331
0.113045
0.113244
0.088295
0.14251
0.109651
0.132921
0.123144
0.119474
0.120735
0.113536
0.119785
0.051878
0.144718
0.101891
0.118421
0.117094
0.120632
0.12186
0.118407
0.11083
0.109248
0.115995
0.113819
0.110517
0.107247
0.114979
0.117024
0.121345
0.132999
0.113244
0.125026
0.11808
0.11554
0.055814
0.140346
0.108313
0.118038
0.110161
0.110938
0.111648
0.121222
0.115151
0.114222
0.119331
0.113796
0.115665
0.108632
0.08968
0.115129
0.1128
0.114547
0.083851
0.1184
0.117837
0.133104
0.112466
0.134441
0.087333
0.114313
0.118624
0.123984
0.124865
0.124136
0.11837
0.11504
0.115196
0.112249
0.11802
0.10801
0.114426
0.112877
0.113897
0.111343
0.110066
0.121393
0.092735
0.120603
0.090628
0.124847
0.123425
0.113846
0.123835
0.130937
0.129752
0.124248
0.123577
0.132852
0.12047
0.112818
0.120255
0.116464
0.112157
0.122927
0.124359
0.112024
0.099813
0.104057
0.110496
0.112338
0.093085
0.081798
0.078358
0.112564
0.082456
0.122303
0.127856
0.083829
0.11427
0.11938
0.123698
0.113761
0.117098
0.123386
0.108744
0.113524
0.11896
0.124155
0.090791
0.12367
0.112894
0.114816
0.079691
0.119024
0.125659
0.122946
0.122369
0.1201
0.113295
0.117409
0.121228
0.126669
0.126868
0.106245
0.11435
0.119007
0.121997
0.128565
0.106722
0.121088
0.118849
0.126
0.126909
0.120764
0.103283
0.131666
0.132805
0.046182
0.113238
0.114842
0.103934
0.114739
0.119618
0.12858
0.11806
0.116363
0.11291
0.119516
0.087654
0.112444
0.115792
0.092349
0.111206
0.104273
0.080718
0.110509
0.109113
0.125902
0.124608
0.116881
0.119661
0.102287
0.112574
0.116436
0.103597
0.126939
0.117581
0.125949
0.115217
0.115673
0.11596
0.130294
0.131775
0.117873
0.047399
0.112457
0.110154
0.1245
0.110815
0.122322
0.118252
0.075461
0.117444
0.115673
0.080644
0.115043
0.117946
0.085915
0.102601
0.124591
0.113449
0.116781
0.131725
0.114184
0.125369
0.119692
0.084297
0.111869
0.110507
0.118711
0.120673
0.12851
0.136612
0.099148
0.105706
0.109596
0.116497
0.128207
0.122642
0.116418
0.112856
0.119068
0.11106
0.114434
0.047893
0.109586
0.104677
0.10748
0.116678
0.126157
0.12902
0.128593
0.12922
0.114733
0.10409
0.087149
0.119518
0.106382
0.0834
0.122023
0.093216
0.116575
0.110442
0.126634
0.10509
0.081092
0.054575
0.117704
0.123168
0.12038
0.1129
0.125596
0.091075
0.107219
0.111966
0.10832
0.105867
0.119314
0.115167
0.113778
0.122093
0.114353
0.113461
0.112595
0.127664
0.120684
0.124929
0.090149
0.117311
0.083848
0.130972
0.128958
0.116403
0.090385
0.136569
0.111787
0.11845
0.101961
0.116146
0.090488
0.110609
0.121261
0.11918
0.114474
0.104149
0.111457
0.110936
0.098988
0.118267
0.081878
0.12334
0.107439
0.07953
0.111312
0.118445
0.09158
0.112562
0.057118
0.159144
0.113871
0.108898
0.117538
0.117926
0.104515
0.080022
0.11607
0.091731
0.119923
0.047344
0.129392
0.090796
0.061442
0.115936
0.120782
0.112548
0.122614
0.11242
0.120652
0.114158
0.122355
0.109961
0.117994
0.117484
0.123783
0.12042
0.07636
0.109149
0.113452
0.121053
0.119526
0.127184
0.112677
0.119365
0.124721
0.121793
0.128081
0.125132
0.119256
0.118111
0.109956
0.10708
0.124482
0.10066
0.111207
0.112663
0.086174
0.123714
0.118716
0.122393
0.130077
0.10483
0.114242
0.121501
0.125301
0.111533
0.111461
0.113501
0.122654
0.126563
0.126533
0.116039
0.127355
0.105782
0.109689
0.115211
0.114121
0.096515
0.080617
0.076816
0.105547
0.076847
0.12644
0.095467
0.074315
0.11001
0.115875
0.0865
0.111841
0.107638
0.105994
0.120879
0.051721
0.120306
0.046324
0.131272
0.11651
0.072126
0.113102
0.083238
0.126764
0.095066
0.113344
0.088849
0.086054
0.123051
0.08747
0.090817
0.117013
0.119063
0.129391
0.126525
0.120131
0.11259
0.113286
0.123
0.108694
0.111824
0.112734
0.118636
0.125069
0.077837
0.113686
0.119729
0.127954
0.112975
0.126078
0.123744
0.040731
0.075308
0.077041
0.082715
0.078891
0.090787
0.112392
0.106969
0.072723
0.050791
0.110465
0.114563
0.073288
0.112686
0.080229
0.119024
0.095641
0.123459
0.120565
0.121793
0.126711
0.123513
0.086792
0.114699
0.121495
0.116595
0.119809
0.117791
0.108418
0.121046
0.124811
0.093172
0.079673
0.119204
0.096283
0.09477
0.130979
0.087226
0.132315
0.110641
0.122892
0.123042
0.122715
0.123478
0.12072
0.111618
0.115464
0.121938
0.127846
0.124832
0.089811
0.122461
0.083614
0.087274
0.140845
0.105468
0.078032
0.113081
0.118933
0.113424
0.126606
0.104667
0.119233
0.132732
0.126412
0.125973
0.114306
0.122097
0.109927
0.125035
0.109114
0.070232
0.123515
0.08409
0.120502
0.087082
0.085834
0.126255
0.083451
0.090468
0.119183
0.08509
0.125312
0.112722
0.120452
0.09057
0.118149
0.091176
0.08673
0.11535
0.049548
0.167704
0.085924
0.116258
0.08349
0.116516
0.086415
0.128652
0.114082
0.118383
0.116636
0.136619
0.127239
0.123578
0.118097
0.101669
0.133607
0.113104
0.116316
0.127095
0.108513
0.112865
0.109607
0.101431
0.111982
0.118255
0.115426
0.119745
0.114501
0.108365
0.118319
0.084673
0.130305
0.09075
0.087407
0.084204
0.133165
0.084802
0.122115
0.096387
0.125752
0.091235
0.122195
0.086971
0.128793
0.091875
0.126675
0.086116
0.123118
0.089298
0.126447
0.092037
0.125515
0.079153
0.058793
0.11197
0.096363
0.13165
0.108382
0.109956
0.09437
0.115448
0.091015
0.083135
0.131055
0.085164
0.118727
0.077742
0.131452
0.081652
0.135602
0.086452
0.121994
0.091338
0.127153
0.083016
0.120196
0.120641
0.087549
0.127097
0.109097
0.04187
0.085612
0.080631
0.09636
0.078329
0.117893
0.090366
0.121922
0.089329
0.122602
0.088105
0.117919
0.087728
0.122643
0.08634
0.125694
0.094715
0.122835
0.086525
0.125549
0.091045
0.142737
0.109757
0.110314
0.117153
0.087689
0.113379
0.093364
0.117026
0.083385
0.135491
0.109317
0.122411
0.107197
0.118624
0.065444
0.123971
0.126081
0.123662
0.107973
0.106979
0.086796
0.12787
0.082954
0.145754
0.090052
0.088318
0.125687
0.100842
0.120972
0.079949
0.128306
0.110377
0.111046
0.093513
0.119882
0.12906
0.125652
0.111488
0.12158
0.104842
0.114856
0.114462
0.048366
0.114614
0.075233
0.111952
0.088238
0.139438
0.115625
0.106153
0.122754
0.117151
0.114326
0.100153
0.118504
0.112446
0.055278
0.1735
0.114479
0.097363
0.115929
0.091521
0.116911
0.123124
0.107031
0.118076
0.078144
0.124023
0.124016
0.110028
0.116217
0.107987
0.106385
0.105238
0.085839
0.112509
0.078447
0.115783
0.079204
0.090713
0.114235
0.100072
0.082474
0.107815
0.115195
0.085919
0.084708
0.120665
0.0797
0.073217
0.10766
0.085091
0.125165
0.075855
0.113465
0.128572
0.105562
0.104734
0.117899
0.119087
0.10832
0.124271
0.11622
0.09762
0.105137
0.11154
0.105182
0.112078
0.109899
0.131199
0.124472
0.076606
0.067635
0.100385
0.126083
0.078056
0.119991
0.113498
0.114353
0.109973
0.083479
0.104645
0.105144
0.120226
0.139741
0.120629
0.115182
0.116605
0.105672
0.06305
0.120537
0.115539
0.055436
0.122592
0.108677
0.123176
0.122992
0.082074
0.118432
0.086894
0.075158
0.109276
0.126217
0.119024
0.118439
0.121121
0.118627
0.112
0.131274
0.095814
0.085828
0.122308
0.096969
0.113409
0.087656
0.08906
0.084232
0.094622
0.08614
0.125347
0.097776
0.098458
0.097269
0.092591
0.124864
0.083881
0.122076
0.084668
0.113637
0.082272
0.111803
0.115087
0.080566
0.12397
0.080736
0.119798
0.097452
0.117074
0.122843
0.104047
0.082874
0.113381
0.097628
0.050924
0.11114
0.123435
0.110064
0.121549
0.111037
0.067417
0.076277
0.091551
0.073661
0.123989
0.115278
0.085235
0.109216
0.083961
0.122497
0.094271
0.11367
0.102292
0.09458
0.075875
0.119645
0.083254
0.118793
0.088806
0.113228
0.133078
0.091375
0.107885
0.083718
0.121549
0.143034
0.114726
0.098869
0.096297
0.085098
0.095187
0.104977
0.114369
0.05122
0.08834
0.089411
0.099716
0.098741
0.101338
0.111502
0.11343
0.123203
0.106428
0.1098
0.117215
0.123253
0.103582
0.091898
0.108267
0.086955
0.11637
0.101561
0.080874
0.088557
0.079736
0.115384
0.085163
0.11941
0.087789
0.120469
0.116624
0.112
0.114162
0.105945
0.109693
0.096827
0.098869
0.094844
0.115163
0.108329
0.073354
0.128229
0.106053
0.11524
0.110668
